[gd_scene load_steps=15 format=2]

[ext_resource path="res://Scenes/Walkable.tscn" type="PackedScene" id=1]
[ext_resource path="res://Scenes/Levels/Tutorial_Straight.tscn" type="PackedScene" id=2]
[ext_resource path="res://Scenes/Goal.tscn" type="PackedScene" id=3]
[ext_resource path="res://Scenes/Menu/Menu.tscn" type="PackedScene" id=4]
[ext_resource path="res://Scenes/Menu/Scripts/Begin.cs" type="Script" id=5]
[ext_resource path="res://Scenes/Menu/Scripts/CameraMovement.cs" type="Script" id=6]
[ext_resource path="res://Scenes/Menu/Scripts/MenuIntroFade.cs" type="Script" id=7]
[ext_resource path="res://Scenes/Dummy_Brick.tscn" type="PackedScene" id=8]
[ext_resource path="res://Images/Menu/begin.png" type="Texture" id=9]
[ext_resource path="res://Scenes/Universal_Viewport.tscn" type="PackedScene" id=10]

[sub_resource type="ProceduralSky" id=6]
sky_top_color = Color( 0.054902, 0.054902, 0.14902, 1 )
sky_horizon_color = Color( 0.054902, 0.054902, 0.14902, 1 )
ground_bottom_color = Color( 0.054902, 0.054902, 0.14902, 1 )
ground_horizon_color = Color( 0.054902, 0.054902, 0.14902, 1 )

[sub_resource type="Environment" id=7]
background_mode = 1
background_sky = SubResource( 6 )
background_color = Color( 0.054902, 0.054902, 0.14902, 1 )
ambient_light_color = Color( 0.647059, 0.65098, 0.964706, 1 )
ssao_radius = 0.4
ssao_intensity = 1.6
ssao_radius2 = 4.0
ssao_intensity2 = 2.0
ssao_quality = 2
glow_enabled = true
glow_intensity = 0.4
glow_high_quality = true
adjustment_enabled = true

[sub_resource type="StyleBoxFlat" id=5]
bg_color = Color( 0.0901961, 0.0901961, 0.247059, 1 )

[sub_resource type="BoxShape" id=2]
extents = Vector3( 2, 1, 1 )

[node name="Spatial2" type="Spatial"]

[node name="DirectionalLight" type="DirectionalLight" parent="."]
transform = Transform( 0.850495, -0.0556782, 0.523027, -0.0378244, 0.985333, 0.166399, -0.524621, -0.161305, 0.835915, 7, 7, 13 )
shadow_enabled = true

[node name="Default" type="WorldEnvironment" parent="."]
environment = SubResource( 7 )

[node name="Spatial" type="Spatial" parent="."]
transform = Transform( 1, 0, 0, 0, 0.936109, 0.351711, 0, -0.351711, 0.936109, 0, 0.437036, -7.98788 )
script = ExtResource( 6 )

[node name="Camera" type="Camera" parent="Spatial"]
transform = Transform( 1, 0, 0, 0, 0.936109, -0.351711, 0, 0.351711, 0.936109, 0, -0.869599, 7.30999 )
fov = 50.0

[node name="menu" parent="Spatial/Camera" instance=ExtResource( 4 )]

[node name="BGDark" type="Panel" parent="Spatial/Camera"]
visible = false
anchor_right = 1.0
anchor_bottom = 1.0
mouse_filter = 2
custom_styles/panel = SubResource( 5 )
script = ExtResource( 7 )
__meta__ = {
"_edit_use_anchors_": false
}

[node name="Universal_Viewport" parent="Spatial/Camera" instance=ExtResource( 10 )]
visible = false

[node name="Goal" parent="." instance=ExtResource( 3 )]
transform = Transform( 1, 0, 0, 0, 1, 0, 0, 0, 1, 0, 0.5, -8 )
nextScene = ExtResource( 2 )

[node name="Walkables" type="Spatial" parent="."]

[node name="Dummy_Brick" parent="Walkables" instance=ExtResource( 8 )]
transform = Transform( 0.44907, 0.0355939, 0.892787, 0.660141, 0.660141, -0.358368, -0.602121, 0.750298, 0.272952, -2, 4.58, -7.78 )

[node name="Dummy_Brick2" parent="Walkables" instance=ExtResource( 8 )]
transform = Transform( 0.204035, 0.131666, 0.176165, -0.0875458, -0.171818, 0.229813, 0.201756, -0.207708, -0.0784336, -1.3, 1.3, -7.38 )

[node name="Dummy_Brick3" parent="Walkables" instance=ExtResource( 8 )]
transform = Transform( 0.261206, -0.424954, 0.0344261, 0.41486, 0.244031, -0.135424, 0.0982963, 0.0993115, 0.480078, 2.5, 2.5, -7.7 )

[node name="Walkable9" parent="Walkables" instance=ExtResource( 1 )]
transform = Transform( 1, 0, 0, 0, 1, 0, 0, 0, 1, 0, 0, -2 )
visible = false

[node name="Walkable10" parent="Walkables" instance=ExtResource( 1 )]
transform = Transform( 1, 0, 0, 0, 1, 0, 0, 0, 1, 0, 0, -4 )
visible = false

[node name="Area" type="Area" parent="."]
transform = Transform( 0.2, 0, 0, 0, 0.2, 0, 0, 0, 0.2, 0, 1.0503, -5.90978 )

[node name="begin" type="Sprite3D" parent="Area"]
texture = ExtResource( 9 )
script = ExtResource( 5 )
FirstScene = ExtResource( 2 )

[node name="CollisionShape" type="CollisionShape" parent="Area"]
shape = SubResource( 2 )

[connection signal="input_event" from="Area" to="Area/begin" method="_on_Area_input_event"]
[connection signal="mouse_entered" from="Area" to="Area/begin" method="_on_Area_mouse_entered"]
[connection signal="mouse_exited" from="Area" to="Area/begin" method="_on_Area_mouse_exited"]
